-606.1732648421112
-506.2922135511883
-507.63611908680826
-112.65637610238291
-91.92208806143005
-571.2159151404707
-354.1431097637568
-55.532209543924196
2.129024143754175
2.566317341793496
-422.31701183558755
-133.28870735518421
-501.7738670316654
-867.0279424605725
-746.9256095094732
-475.81438703818
-699.171154775778
-552.6714044204421
-811.6091072150327
-689.6606196491579
-776.6746615848728
-405.02085546964906
-740.5367191472249
-724.9891601978272
-674.9780354657303
-529.4820034802447
-657.5510584520647
-449.71078991887043
-483.48632931647114
-95.7500755171081
-372.18203884433586
-154.5678467178417
-712.5530963423813
-79.80246401507242
-481.21415281991744
-322.1829679738013
-827.9710029588525
-118.0524888746545
-493.5314612032094
-160.68517597224164
-275.3498855233504
-147.9623842008262
-274.06698542647695
-254.65125623031255
-531.2698749943394
-406.93968912252376
-503.80419618765166
-738.5690043692495
-216.2739970620896
-225.12673214123086
-394.2758832188694
-102.46209359421431
-906.0650519779136
-411.44046552585553
-658.3660739839153
-514.672580126939
-584.0133166425722
-758.0554548900008
-366.85011466223915
-515.2075084726631
-241.86402693440084
-527.3386646705038
-439.6899644913144
-479.67781598296074
-537.9436760812106
-175.36826153559352
-698.0344767640806
-264.10592822141007
-576.4348706448571
-311.1441366370143
-755.2495770636363
-480.35426423196566
-469.99164814064704
-387.52896187536896
-789.4265436899974
-315.08677517086494
8.799670245609327
-356.73470386894166
-190.53562299610866
-439.7006609161137
-576.5429116211764
-402.92652987613604
-441.4659313685278
-475.94158910085156
-397.20413185773015
-437.7627329164584
-357.86933826102234
-536.6151667049754
-239.37972904875815
-487.74398361695415
-136.6012999130764
-629.5116710270547
-353.978690213904
-618.7236589170717
-436.14370902702666
-620.4897659807986
-340.9961930395213
-575.7088813873816
-565.9249614232497
-175.97465342887122