38188.62697705115
53032.82265190737
39405.99163322758
25698.092733399644
21870.52975273924
33163.48974462082
36857.853225179
33553.33988678833
32715.275034700968
45245.593635343525
34782.10562650175
64371.889442901425
68219.5490488259
111264.49680978818
72521.08579272551
53927.069330312166
81650.24331721096
59909.35159745128
82286.17889454219
77380.6918190456
77616.05132887446
76852.53693488728
53149.383767371175
52450.41816066939
62097.12059246548
40549.096067542654
42511.1259693233
50868.36334614731
40288.748133997855
51378.740578037905
41021.7494816072
35564.09167168437
37093.322390842855
52633.13282027489
33868.4244052643
42527.831820680716
43081.12269159165
42681.47075450451
44895.31886475802
38650.632120689006
44129.78701212419
39831.07254118583
35891.96056124401
31935.658445370394
30522.286957228163
30517.244346256306
19066.351494157025
25630.88261417372
25658.02098947101
24516.685177176543
16576.47185152665
22786.868265572743
24637.23853018529
23305.995732909163
47468.39152241698
30743.97482959886
36375.65818310225
52489.10606274755
40197.02085550589
42273.72407721201
37120.86562044026
30675.825455752216
30316.266304166104
28970.475467611108
39457.44961321295
36974.97382949706
28149.43440009605
27661.24277655232
31104.555750068102
31687.975018926503
26784.261172574683
37604.00009807618
31028.251279798045
28018.69989063989
38231.1751524071
34539.717278294454
34806.770390948666
36155.64461308096
55458.7369561639
66681.03702359917
42494.78418186901
51312.69748134615
52228.23459104805
56680.315747462926
73896.0515541644
93263.21512521958
69454.14196290135
63261.54054683217
59453.87692332962
67027.49071945011
55761.91902569827
58279.31514100191
66608.49512228112
68595.99716312646
37088.604640631784
45657.03835009353
47252.12877849188
47213.647500278275
54108.61524702165
46472.837992068096