207.44319545775033
42.607598676187216
-92.86082018285603
261.3800718033487
741.2013671065966
-109.20487961433315
742.1687958287499
315.85034093386264
779.315464527164
1179.3061846690237
-4.453691171233764
254.55079345643054
167.47730073951226
-101.89231961709193
29.351220201220436
61.33177778415698
-20.373769926512367
184.93319391259016
-105.0103096525518
97.79512038566685
-76.89104653458631
-55.89882665194671
-0.2186176483583253
49.94435958241897
-252.2475980083562
58.08137975927805
-171.87971002868693
174.0255610728731
146.51991161375128
294.2154605716489
73.36380156644334
220.6062066818668
-146.34659721289378
741.5872017285874
202.82017310559326
187.38308480088338
109.00766917310237
607.6694869623913
203.42901287718664
354.85106207702967
249.29232788167923
236.48716187890562
310.3981708406631
84.00739223961746
25.1872875807161
155.97438097858216
25.873563134644286
-376.9231586094025
300.5405795604256
142.9530577378809
-79.19681743866288
291.6536534357232
55.467629207857115
178.35220829470896
-13.058444350965294
72.36916286439455
79.38937670042762
128.15458334757665
202.2250835003011
242.84745361340453
298.2499584925513
118.00858269749781
29.82334388345469
63.57049449176911
122.24300463944704
244.77019793032537
-137.93578095318406
323.7585871773988
193.88117182473954
118.08359431646151
-47.746712845665535
164.64242695980806
37.274110941425555
143.13370312540806
-232.65811655689095
339.7762532318739
759.5012655884958
8.876464319069834
259.2285100113141
177.67483644063742
136.97285260449559
211.96006855587825
62.38045038868276
-38.987094038441775
119.64424722560392
31.434366680334982
-194.0212434143774
235.67940493706433
280.576341752685
70.33317317179787
252.0236597237356
92.55145796385321
232.48859565112093
69.11794480030073
44.39110642218386
24.825486889240047
206.1766022042954
80.99692313603143
178.59431887027102
196.15436890466853